1       0.906355
2      -0.921235
3      -1.671155
4      -0.906355
5       0.921235
6       1.671155
7       1.530027
8       0.873077
9      -1.110829
10     -1.530027
11     -0.873077
12      1.110829
13      0.906185
14      1.713295
15     -0.733612
16     -0.906185
17     -1.713295
18      0.733612
19      0.246051
20      1.951585
21      0.428480
22     -0.246051
23     -1.951585
24     -0.428480
25      1.004514
26      0.708002
27      1.386547
28     -1.004514
29     -0.708002
30     -1.386547
31      0.665162
32      1.344010
33      1.223347
34     -0.665162
35     -1.344010
36     -1.223347
37      0.057009
38      1.400627
39      1.483336
40     -0.057009
41     -1.400627
42     -1.483336
43     -0.126961
44      1.219537
45      1.639939
46      0.126961
47     -1.219537
48     -1.639939
49     -0.080075
50     -0.427928
51      1.061104
52      0.080075
53      0.427928
54     -1.061104
55     -0.242396
56     -0.831472
57      0.730065
58      0.242396
59      0.831472
60     -0.730065
61     -0.111219
62     -0.860217
63      1.447781
64      0.111219
65      0.860217
66     -1.447781
67     -0.508225
68     -0.738621
69      1.214356
70      0.508225
71      0.738621
72     -1.214356
73      0.710822
74     -0.566751
75      1.558115
76     -0.710822
77      0.566751
78     -1.558115
79     -1.083990
80      0.619267
81      0.690147
82      1.083990
83     -0.619267
84     -0.690147
85     -0.815652
86     -1.247873
87     -0.353314
88      0.815652
89      1.247873
90      0.353314
91     -1.567082
92      0.232873
93      0.702247
94      1.567082
95     -0.232873
96     -0.702247
97     -0.249975
98      0.064647
99      1.656795
100     0.249975
101    -0.064647
102    -1.656795
103     0.206117
104    -0.120688
105     1.909698
106    -0.206117
107     0.120688
108    -1.909698
109    -0.755347
110     0.955928
111     1.183999
112     0.755347
113    -0.955928
114    -1.183999
115    -0.969638
116     0.126920
117     1.631441
118     0.969638
119    -0.126920
120    -1.631441
121    -0.510687
122     0.152833
123     1.760693
124     0.510687
125    -0.152833
126    -1.760693
127     0.169985
128    -0.412451
129     1.914594
130    -0.169985
131     0.412451
132    -1.914594
133    -0.411789
134    -0.233263
135     1.968432
136     0.411789
137     0.233263
138    -1.968432
139    -0.819410
140     0.879684
141     1.184733
142     0.819410
143    -0.879684
144    -1.184733
145    -1.183570
146     0.836772
147     1.174729
148     1.183570
149    -0.836772
150    -1.174729
151    -1.221249
152     0.508758
153     1.265880
154     1.221249
155    -0.508758
156    -1.265880
157    -1.353135
158     1.034604
159     1.128069
160     1.353135
161    -1.034604
162    -1.128069
163    -0.246773
164     0.170313
165     1.772488
166     0.246773
167    -0.170313
168    -1.772488
169    -1.180545
170     0.171284
171     1.215744
172     1.180545
173    -0.171284
174    -1.215744
175     1.220865
176    -1.393063
177     0.464699
178    -1.220865
179     1.393063
180    -0.464699
181     0.449910
182    -1.826226
183    -0.235633
184    -0.449910
185     1.826226
186     0.235633
187     0.772686
188     0.003053
189    -1.062593
190    -0.772686
191    -0.003053
192     1.062593
193     0.644388
194    -1.037309
195     0.694725
196    -0.644388
197     1.037309
198    -0.694725
199    -0.053990
200    -1.433103
201    -0.213307
202     0.053990
203     1.433103
204     0.213307
205     1.416613
206     1.108749
207     0.432007
208    -1.416613
209    -1.108749
210    -0.432007
211     1.107131
212     1.324199
213     0.689176
214    -1.107131
215    -1.324199
216    -0.689176
217     0.905908
218     1.762765
219     0.389230
220    -0.905908
221    -1.762765
222    -0.389230
223     1.314548
224     1.526327
225    -0.248724
226    -1.314548
227    -1.526327
228     0.248724
229     0.483666
230    -1.576237
231    -0.592853
232    -0.483666
233     1.576237
234     0.592853
235     1.152936
236     0.450712
237    -0.208230
238    -1.152936
239    -0.450712
240     0.208230
241    -0.101690
242    -1.592452
243     0.546077
244     0.101690
245     1.592452
246    -0.546077
247     0.421989
248    -1.949384
249     0.287063
250    -0.421989
251     1.949384
252    -0.287063
253     0.901433
254    -1.338660
255     0.854842
256    -0.901433
257     1.338660
258    -0.854842
259    -0.892883
260    -0.420012
261     1.364165
262     0.892883
263     0.420012
264    -1.364165
265    -0.594020
266     1.216627
267     1.291363
268     0.594020
269    -1.216627
270    -1.291363
271    -0.727036
272     1.059117
273     1.475954
274     0.727036
275    -1.059117
276    -1.475954
277    -0.672684
278     0.636955
279     1.716912
280     0.672684
281    -0.636955
282    -1.716912
283    -1.481660
284     0.668870
285     0.606777
286     1.481660
287    -0.668870
288    -0.606777
289    -1.473112
290     0.180349
291     1.145544
292     1.473112
293    -0.180349
294    -1.145544
295     0.367155
296     1.894468
297    -0.589923
298    -0.367155
299    -1.894468
300     0.589923
301    -0.459867
302     1.632509
303     0.341392
304     0.459867
305    -1.632509
306    -0.341392
307    -1.278152
308     1.395942
309     0.698472
310     1.278152
311    -1.395942
312    -0.698472
313    -1.662299
314     0.586683
315     0.875661
316     1.662299
317    -0.586683
318    -0.875661
319    -1.875225
320    -0.152891
321     0.276295
322     1.875225
323     0.152891
324    -0.276295
325    -1.847894
326    -0.282073
327     0.072214
328     1.847894
329     0.282073
330    -0.072214
331    -1.752140
332    -0.720913
333    -0.189864
334     1.752140
335     0.720913
336     0.189864
337    -1.275175
338    -1.056635
339     0.604377
340     1.275175
341     1.056635
342    -0.604377
343    -0.509482
344    -1.345473
345    -0.491228
346     0.509482
347     1.345473
348     0.491228
349    -1.381073
350    -0.424077
351    -1.003916
352     1.381073
353     0.424077
354     1.003916
355    -0.387391
356     0.287079
357    -1.434827
358     0.387391
359    -0.287079
360     1.434827
361    -1.244527
362     0.710542
363    -1.110523
364     1.244527
365    -0.710542
366     1.110523
367     0.364365
368     0.919495
369    -1.158782
370    -0.364365
371    -0.919495
372     1.158782
373     0.176047
374    -0.033499
375    -1.530780
376    -0.176047
377     0.033499
378     1.530780
379    -0.010179
380     0.929906
381    -1.648075
382     0.010179
383    -0.929906
384     1.648075
385     0.395832
386     0.002763
387    -1.236269
388    -0.395832
389    -0.002763
390     1.236269
391     1.732664
392     0.861781
393     0.014510
394    -1.732664
395    -0.861781
396    -0.014510
397     1.782986
398     0.879785
399    -0.142298
400    -1.782986
401    -0.879785
402     0.142298
403     1.195655
404     1.559786
405    -0.182467
406    -1.195655
407    -1.559786
408     0.182467
409     1.130635
410     1.246394
411    -1.119683
412    -1.130635
413    -1.246394
414     1.119683
415     1.166960
416     1.145909
417    -1.186270
418    -1.166960
419    -1.145909
420     1.186270
421     1.670995
422     0.324952
423    -1.056289
424    -1.670995
425    -0.324952
426     1.056289
427     1.653499
428     0.209184
429    -0.544028
430    -1.653499
431    -0.209184
432     0.544028
433     1.884772
434    -0.044415
435    -0.436723
436    -1.884772
437     0.044415
438     0.436723
439     0.555441
440     0.765492
441    -1.212938
442    -0.555441
443    -0.765492
444     1.212938
445     1.280866
446     1.133444
447    -1.009689
448    -1.280866
449    -1.133444
450     1.009689
451     1.591158
452     1.066049
453    -0.019563
454    -1.591158
455    -1.066049
456     0.019563
457     1.556220
458     1.099691
459    -0.128772
460    -1.556220
461    -1.099691
462     0.128772
463     1.527940
464     0.463275
465    -0.706520
466    -1.527940
467    -0.463275
468     0.706520
469     1.448456
470     0.393241
471    -0.936852
472    -1.448456
473    -0.393241
474     0.936852
475     1.663027
476     0.649729
477    -0.109610
478    -1.663027
479    -0.649729
480     0.109610
481     1.517959
482    -0.460455
483     0.485790
484    -1.517959
485     0.460455
486    -0.485790
487     0.668550
488    -0.139289
489    -0.622741
490    -0.668550
491     0.139289
492     0.622741
493     1.292498
494    -0.146967
495     0.391620
496    -1.292498
497     0.146967
498    -0.391620
499     1.138371
500     0.052035
501     1.195378
502    -1.138371
503    -0.052035
504    -1.195378
505     0.242540
506    -0.856583
507    -1.188626
508    -0.242540
509     0.856583
510     1.188626
511    -0.564368
512    -0.149029
513    -0.699979
514     0.564368
515     0.149029
516     0.699979
517     0.722794
518    -0.137870
519    -0.892317
520    -0.722794
521     0.137870
522     0.892317
523    -0.189874
524     0.468821
525    -0.621671
526     0.189874
527    -0.468821
528     0.621671
529    -0.246596
530    -0.092682
531     0.359274
532     0.246596
533     0.092682
534    -0.359274
535    -0.540786
536     0.110403
537     0.509556
538     0.540786
539    -0.110403
540    -0.509556
541    -0.304153
542    -0.613059
543     1.309620
544     0.304153
545     0.613059
546    -1.309620
547    -0.448296
548    -0.145676
549     1.651136
550     0.448296
551     0.145676
552    -1.651136
553     0.090220
554    -0.399322
555     1.502574
556    -0.090220
557     0.399322
558    -1.502574
559    -0.581631
560     0.472146
561     1.404519
562     0.581631
563    -0.472146
564    -1.404519
565     0.300588
566    -1.058028
567     0.100328
568    -0.300588
569     1.058028
570    -0.100328
571    -0.316977
572    -1.341585
573     0.978551
574     0.316977
575     1.341585
576    -0.978551
577    -1.001520
578    -0.551647
579     1.106486
580     1.001520
581     0.551647
582    -1.106486
583     0.072860
584    -0.683244
585     1.327650
586    -0.072860
587     0.683244
588    -1.327650
589    -0.690623
590    -0.044121
591     1.643109
592     0.690623
593     0.044121
594    -1.643109
595    -0.625619
596     0.535095
597     1.403883
598     0.625619
599    -0.535095
600    -1.403883
601    -0.633313
602     0.371919
603     1.514857
604     0.633313
605    -0.371919
606    -1.514857
607    -0.556513
608    -0.191821
609     1.574910
610     0.556513
611     0.191821
612    -1.574910
613    -0.775217
614     0.122243
615     1.462526
616     0.775217
617    -0.122243
618    -1.462526
619     0.078539
620     0.408108
621     0.675595
622    -0.078539
623    -0.408108
624    -0.675595
625    -0.206323
626     0.183618
627    -0.110644
628     0.206323
629    -0.183618
630     0.110644
631    -0.399798
632     0.879302
633    -0.490131
634     0.399798
635    -0.879302
636     0.490131
637     0.253864
638     0.746645
639    -0.088502
640    -0.253864
641    -0.746645
642     0.088502
643     0.548962
644    -0.929737
645     0.356704
646    -0.548962
647     0.929737
648    -0.356704
649     1.638787
650    -0.472257
651     0.520522
652    -1.638787
653     0.472257
654    -0.520522
655     0.347469
656    -1.784171
657     0.847484
658    -0.347469
659     1.784171
660    -0.847484
661    -0.611877
662    -1.152229
663     1.550873
664     0.611877
665     1.152229
666    -1.550873
667    -0.812377
668    -0.192005
669     1.864730
670     0.812377
671     0.192005
672    -1.864730
673    -0.467605
674     0.256641
675    -0.458264
676     0.467605
677    -0.256641
678     0.458264
679     0.210828
680    -0.535907
681     1.471277
682    -0.210828
683     0.535907
684    -1.471277
685    -1.396109
686     0.563655
687     0.058510
688     1.396109
689    -0.563655
690    -0.058510
691    -0.388106
692     0.164896
693     1.025037
694     0.388106
695    -0.164896
696    -1.025037
697    -1.494655
698     0.142710
699    -0.157940
700     1.494655
701    -0.142710
702     0.157940
703    -1.114490
704     0.415943
705     0.111817
706     1.114490
707    -0.415943
708    -0.111817
709     0.232098
710     0.015986
711    -0.545885
712    -0.232098
713    -0.015986
714     0.545885
715    -0.626159
716    -0.642729
717     1.514469
718     0.626159
719     0.642729
720    -1.514469
721    -1.461121
722    -0.060058
723     1.120933
724     1.461121
725     0.060058
726    -1.120933
727    -0.028975
728     0.101663
729     1.209811
730     0.028975
731    -0.101663
732    -1.209811
733    -1.675813
734     0.999764
735    -0.074832
736     1.675813
737    -0.999764
738     0.074832
739    -1.187309
740     0.935358
741     0.272895
742     1.187309
743    -0.935358
744    -0.272895
745    -1.503979
746     0.926980
747     0.606690
748     1.503979
749    -0.926980
750    -0.606690
751    -1.668659
752     0.073408
753     0.929521
754     1.668659
755    -0.073408
756    -0.929521
757    -1.089948
758     1.239126
759    -1.099596
760     1.089948
761    -1.239126
762     1.099596
763    -0.350200
764    -1.952380
765    -0.676510
766     0.350200
767     1.952380
768     0.676510
769    -0.028205
770    -1.939242
771    -0.010522
772     0.028205
773     1.939242
774     0.010522
775    -0.249273
776    -1.626363
777    -1.212584
778     0.249273
779     1.626363
780     1.212584
781    -0.561564
782    -1.291837
783    -1.464881
784     0.561564
785     1.291837
786     1.464881
787    -0.595913
788    -1.320447
789    -1.416096
790     0.595913
791     1.320447
792     1.416096
793    -0.146211
794    -1.281321
795    -1.573591
796     0.146211
797     1.281321
798     1.573591
799     0.226309
800    -1.338356
801    -1.391303
802    -0.226309
803     1.338356
804     1.391303
805    -0.181870
806    -0.421738
807    -1.882784
808     0.181870
809     0.421738
810     1.882784
811    -0.530310
812     0.048694
813    -1.454069
814     0.530310
815    -0.048694
816     1.454069
817    -0.778036
818    -0.620429
819    -1.470331
820     0.778036
821     0.620429
822     1.470331
823    -0.776750
824    -1.416907
825    -0.481057
826     0.776750
827     1.416907
828     0.481057
829    -0.481414
830    -0.259498
831    -1.100243
832     0.481414
833     0.259498
834     1.100243
835    -0.307634
836    -0.227874
837    -1.793826
838     0.307634
839     0.227874
840     1.793826
841     0.252611
842     0.846858
843    -1.816702
844    -0.252611
845    -0.846858
846     1.816702
847     0.362381
848    -0.238741
849    -1.868572
850    -0.362381
851     0.238741
852     1.868572
853    -0.818538
854    -0.115423
855    -0.728457
856     0.818538
857     0.115423
858     0.728457
859     0.044094
860     1.941519
861    -0.254953
862    -0.044094
863    -1.941519
864     0.254953
865     0.228209
866     0.959634
867    -1.194381
868    -0.228209
869    -0.959634
870     1.194381
871     0.536276
872     1.391070
873    -0.947842
874    -0.536276
875    -1.391070
876     0.947842
877     0.883367
878     0.690195
879    -1.376647
880    -0.883367
881    -0.690195
882     1.376647
883     0.065165
884     0.818570
885    -1.587925
886    -0.065165
887    -0.818570
888     1.587925
889    -0.222321
890     1.268453
891    -1.364724
892     0.222321
893    -1.268453
894     1.364724
895     0.883268
896    -0.783113
897    -1.663114
898    -0.883268
899     0.783113
900     1.663114
901     0.723474
902    -0.989286
903    -1.694278
904    -0.723474
905     0.989286
906     1.694278
907     0.068043
908    -1.004439
909    -1.842083
910    -0.068043
911     1.004439
912     1.842083
913     0.110334
914    -1.401828
915    -1.539999
916    -0.110334
917     1.401828
918     1.539999
919    -0.003283
920    -1.607111
921    -1.226896
922     0.003283
923     1.607111
924     1.226896
925    -0.188130
926    -1.340899
927    -1.014816
928     0.188130
929     1.340899
930     1.014816
931     0.091544
932    -0.329675
933    -1.657643
934    -0.091544
935     0.329675
936     1.657643
937    -0.676243
938     0.384918
939    -1.486355
940     0.676243
941    -0.384918
942     1.486355
943    -0.589812
944     1.398294
945    -0.689521
946     0.589812
947    -1.398294
948     0.689521
949     0.155472
950     0.543693
951    -1.244340
952    -0.155472
953    -0.543693
954     1.244340
955    -1.022639
956     0.055216
957    -0.658477
958     1.022639
959    -0.055216
960     0.658477
961    -1.275032
962    -0.906506
963     1.106764
964     1.275032
965     0.906506
966    -1.106764
967    -1.116186
968    -0.571598
969    -1.276781
970     1.116186
971     0.571598
972     1.276781
973    -0.379452
974    -1.284128
975    -1.466454
976     0.379452
977     1.284128
978     1.466454
979     0.284315
980    -0.517029
981    -1.830745
982    -0.284315
983     0.517029
984     1.830745
985     0.179354
986    -0.942979
987    -1.591108
988    -0.179354
989     0.942979
990     1.591108
991     0.085825
992    -0.094838
993    -1.695594
994    -0.085825
995     0.094838
996     1.695594
997     0.866649
998    -0.310526
999    -1.739499
1000    -0.866649
1001     0.310526
1002     1.739499
1003     0.727795
1004    -0.950828
1005    -1.279809
1006    -0.727795
1007     0.950828
1008     1.279809
1009     0.237342
1010    -1.962418
1011    -0.574446
1012    -0.237342
1013     1.962418
1014     0.574446
1015     0.259508
1016    -2.003604
1017    -0.084564
1018    -0.259508
1019     2.003604
1020     0.084564
1021     0.412222
1022    -1.435835
1023    -1.054058
1024    -0.412222
1025     1.435835
1026     1.054058
1027     0.010836
1028    -1.657262
1029    -0.792118
1030    -0.010836
1031     1.657262
1032     0.792118
1033    -0.027788
1034    -1.799109
1035    -0.014707
1036     0.027788
1037     1.799109
1038     0.014707
1039     0.141086
1040    -0.539931
1041    -0.924556
1042    -0.141086
1043     0.539931
1044     0.924556
1045    -0.740337
1046    -0.875462
1047     1.156894
1048     0.740337
1049     0.875462
1050    -1.156894
1051    -0.733692
1052    -0.485482
1053     1.129917
1054     0.733692
1055     0.485482
1056    -1.129917
1057    -0.800965
1058     0.457519
1059     1.037439
1060     0.800965
1061    -0.457519
1062    -1.037439
1063    -0.462112
1064     0.727144
1065    -0.741233
1066     0.462112
1067    -0.727144
1068     0.741233
1069    -0.765046
1070     0.833646
1071    -0.908662
1072     0.765046
1073    -0.833646
1074     0.908662
1075     0.040208
1076     0.668439
1077    -1.200660
1078    -0.040208
1079    -0.668439
1080     1.200660
1081     0.387912
1082    -0.014854
1083    -1.146747
1084    -0.387912
1085     0.014854
1086     1.146747
1087     0.608411
1088     0.462036
1089    -0.695180
1090    -0.608411
1091    -0.462036
1092     0.695180
1093    -1.320868
1094    -0.296696
1095    -0.830864
1096     1.320868
1097     0.296696
1098     0.830864
1099    -1.302904
1100    -0.154687
1101    -1.116978
1102     1.302904
1103     0.154687
1104     1.116978
1105     0.067257
1106     1.834457
1107     0.959226
1108    -0.067257
1109    -1.834457
1110    -0.959226
1111     0.789732
1112     0.399793
1113     1.397172
1114    -0.789732
1115    -0.399793
1116    -1.397172
1117    -0.066451
1118    -1.285542
1119     1.460010
1120     0.066451
1121     1.285542
1122    -1.460010
1123     0.064294
1124    -1.147171
1125     1.522922
1126    -0.064294
1127     1.147171
1128    -1.522922
1129     1.073740
1130    -0.497058
1131     1.369066
1132    -1.073740
1133     0.497058
1134    -1.369066
1135    -0.323875
1136     0.169261
1137    -0.202706
1138     0.323875
1139    -0.169261
1140     0.202706
1141     0.442412
1142     0.974221
1143    -0.956045
1144    -0.442412
1145    -0.974221
1146     0.956045
1147     0.461217
1148     1.323605
1149    -1.243749
1150    -0.461217
1151    -1.323605
1152     1.243749
1153     0.188969
1154     1.457077
1155    -1.074671
1156    -0.188969
1157    -1.457077
1158     1.074671
1159     0.661624
1160     1.643711
1161    -0.803327
1162    -0.661624
1163    -1.643711
1164     0.803327
1165     0.746082
1166     1.393555
1167    -0.421830
1168    -0.746082
1169    -1.393555
1170     0.421830
1171     1.225359
1172     1.400674
1173     0.007017
1174    -1.225359
1175    -1.400674
1176    -0.007017
1177     1.486758
1178     1.171075
1179    -0.116085
1180    -1.486758
1181    -1.171075
1182     0.116085
1183     1.367668
1184    -0.138373
1185     1.355411
1186    -1.367668
1187     0.138373
1188    -1.355411
1189     1.665679
1190    -0.409452
1191     0.693625
1192    -1.665679
1193     0.409452
1194    -0.693625
1195     0.751309
1196    -1.694549
1197     0.109607
1198    -0.751309
1199     1.694549
1200    -0.109607
1201     0.115923
1202    -1.986075
1203     0.147005
1204    -0.115923
1205     1.986075
1206    -0.147005
1207    -0.013593
1208    -1.622536
1209     0.620756
1210     0.013593
1211     1.622536
1212    -0.620756
1213     0.479013
1214    -1.568231
1215     0.039022
1216    -0.479013
1217     1.568231
1218    -0.039022
1219     0.960271
1220    -0.917557
1221     0.055691
1222    -0.960271
1223     0.917557
1224    -0.055691
1225     1.519475
1226    -0.146475
1227    -1.239760
1228    -1.519475
1229     0.146475
1230     1.239760
1231     0.842633
1232    -1.377713
1233    -0.597114
1234    -0.842633
1235     1.377713
1236     0.597114
1237     1.745684
1238     0.717817
1239    -0.839887
1240    -1.745684
1241    -0.717817
1242     0.839887
1243     1.131950
1244     1.548050
1245    -0.427661
1246    -1.131950
1247    -1.548050
1248     0.427661
1249     0.713742
1250     1.812725
1251     0.701930
1252    -0.713742
1253    -1.812725
1254    -0.701930
1255     0.766944
1256     1.857174
1257    -0.076319
1258    -0.766944
1259    -1.857174
1260     0.076319
1261    -0.195087
1262     1.981293
1263     0.174346
1264     0.195087
1265    -1.981293
1266    -0.174346
1267    -0.281241
1268     1.765571
1269     0.234797
1270     0.281241
1271    -1.765571
1272    -0.234797
1273    -1.098233
1274     0.056287
1275     0.002846
1276     1.098233
1277    -0.056287
1278    -0.002846
1279     1.066165
1280    -1.226870
1281     0.464189
1282    -1.066165
1283     1.226870
1284    -0.464189
1285     0.253243
1286    -1.805254
1287     0.894912
1288    -0.253243
1289     1.805254
1290    -0.894912
1291     0.140317
1292    -1.857172
1293     0.782090
1294    -0.140317
1295     1.857172
1296    -0.782090
1297     1.118454
1298    -1.323144
1299    -0.033164
1300    -1.118454
1301     1.323144
1302     0.033164
1303     0.929147
1304     0.236575
1305    -1.225299
1306    -0.929147
1307    -0.236575
1308     1.225299
1309     1.358733
1310     1.108024
1311     0.787362
1312    -1.358733
1313    -1.108024
1314    -0.787362
1315     0.920341
1316     1.481536
1317     0.385680
1318    -0.920341
1319    -1.481536
1320    -0.385680
1321     0.908917
1322     1.279011
1323    -0.949133
1324    -0.908917
1325    -1.279011
1326     0.949133
1327     1.205993
1328     0.713865
1329    -0.566222
1330    -1.205993
1331    -0.713865
1332     0.566222
1333     0.985804
1334     0.443734
1335     0.986866
1336    -0.985804
1337    -0.443734
1338    -0.986866
1339     0.860926
1340    -1.330395
1341     1.143538
1342    -0.860926
1343     1.330395
1344    -1.143538
1345     1.441481
1346    -1.343065
1347     0.750979
1348    -1.441481
1349     1.343065
1350    -0.750979

