    1     5    9.546
    2     5    7.549
    2   194   11.314
    3     6    7.649
    5    79   10.668
    5    85    6.848
    7    88    9.463
    7    89    9.422
    7   114   11.224
    8    37    7.410
    8    70   10.259
    8    71    9.211
    8    85    9.477
    8    88   11.649
    8   114   13.261
    8   119   11.994
   11    34    7.626
   11    36    5.812
   12    71   10.857
   12   114   12.048
   12   119    8.341
   13   118    5.767
   14    42   10.993
   14    44    9.560
   14    71   12.437
   15   118    8.282
   15   120    5.371
   16    44   10.690
   16    46    9.702
   16    64    8.152
   16   121    5.705
   16   123    9.448
   17    30    5.567
   17   122    5.819
   18    27    9.986
   18    29    6.339
   18    63   10.652
   18    64    9.464
   18   123    5.593
   18   125    8.819
   19    28    5.517
   21    26    5.109
   21   126    6.031
   22    27   10.282
   22    55    9.674
   22   106    9.551
   22   125    9.492
   22   130    9.502
   22   137   11.162
   23   130    8.026
   23   132   11.280
   25    54    8.427
   25   132   14.211
   27    50    6.661
   27    53    8.186
   27    54    8.983
   27    55   11.496
   27    60   14.749
   27   125   11.926
   28    49    6.827
   28    50    6.970
   29    46    7.784
   29    53   10.066
   29    57   12.842
   29    64   11.492
   30    49    8.220
   36    39    6.803
   36    41    6.167
   37    71    5.219
   37    85   11.756
   39   223    9.506
   41   221    9.031
   41   223    5.482
   42    65   10.349
   42    68   10.692
   42    71    8.673
   42   222    6.254
   43   221    5.729
   44    65   10.448
   44   220    6.203
   45   210   10.642
   45   213   12.779
   45   217    8.595
   45   219    5.308
   46    57   11.384
   46    64   10.555
   46   218    6.252
   46   220    9.824
   47   213   11.358
   47   215    7.888
   47   217    5.397
   48    53    7.230
   48    57   11.930
   48   216    6.923
   52   216    6.869
   53    57    8.921
   53    60   12.552
   53   216    8.353
   55    59    8.800
   55    60   10.213
   55   106   13.794
   55   136    7.569
   56    59    6.965
   56   136    7.784
   56   139    6.872
   56   141    8.154
   57    64   12.453
   57   143    8.873
   57   209   13.402
   57   216   11.370
   57   218    8.288
   58   141    9.050
   58   143    7.713
   58   169    9.224
   58   207    9.816
   59   100   11.269
   59   106   11.373
   59   136    9.470
   59   141   10.392
   60    64    7.472
   60   106   11.389
   60   125   11.632
   61    66    7.985
   61   145   10.722
   61   207   11.089
   61   218   11.248
   61   220    9.654
   61   222   12.041
   62    66    4.568
   62    96   11.956
   62    98   11.628
   62   145   12.854
   62   165   12.719
   62   167   10.674
   62   181   10.919
   63    98   11.503
   63   108    9.130
   63   123    9.398
   63   125   10.384
   64   123    9.593
   64   218   13.058
   65    68    5.866
   65   220   10.654
   65   222   10.303
   66    69    7.250
   66    96   12.971
   66   145   14.875
   66   148   12.636
   66   150   10.906
   66   165   12.837
   66   167   12.947
   66   203   10.360
   66   205   11.825
   66   222   11.133
   68    71    7.566
   68   112    8.612
   68   119   10.362
   68   121    8.588
   69    72    6.507
   69    84    8.055
   69    94   12.374
   69    96   16.710
   69   150   12.304
   69   183   14.698
   69   201   10.606
   70    84    5.681
   70    88   10.653
   70    92   12.094
   70   112   10.872
   70   119   11.488
   71   119   12.062
   72   201    9.115
   72   224    5.924
   73   225    5.681
   74    78    7.287
   74    79    6.711
   74    81    9.902
   74    82    8.404
   74    84   12.560
   74    85   12.133
   74   152   15.806
   74   199   12.884
   74   201   10.726
   74   226    6.123
   75    78    6.693
   75   226    8.303
   76    79    6.431
   78    81    6.621
   78   199   11.082
   78   226    9.550
   78   229    8.398
   81   196    5.215
   81   197    7.879
   81   199   10.166
   81   229   11.276
   82    85    7.201
   83    86    6.190
   83    92   11.504
   83   161    9.330
   83   185   10.989
   83   187   10.878
   83   193    7.481
   83   195    7.098
   83   196    7.929
   84    92    9.326
   84   152   13.325
   84   161   11.315
   84   185   10.469
   84   201   14.272
   86   193    6.379
   86   194    7.169
   87    92    7.480
   87   187    6.867
   87   193    6.833
   88    92    9.259
   88   112   10.600
   88   114    8.592
   88   119   11.503
   89   114    6.267
   90   190   10.226
   92   112    6.631
   92   185    7.549
   93   109    8.459
   93   111    5.536
   93   186    6.489
   93   188    7.653
   94   110    6.090
   94   183    8.504
   94   185    5.455
   95   109    5.341
   95   184    6.322
   96   108    6.284
   96   165   13.428
   96   181    8.103
   96   183    5.316
   97   107    5.381
   98   106    6.091
   98   179    7.505
   98   181    5.466
   99   105    5.484
   99   180    5.989
   99   182   10.092
  100   103    6.195
  100   106    9.937
  100   130   10.667
  100   136   10.427
  100   169   11.998
  100   177    8.549
  100   179    5.376
  101   177    8.027
  101   178    6.607
  102   131   10.836
  103   130    6.548
  103   131    7.638
  103   136    9.674
  105   128    6.938
  105   129    8.001
  106   125    7.831
  106   130   11.478
  106   136   13.788
  107   126    6.466
  107   128   10.516
  108   123    8.162
  108   125    5.311
  110   121    7.861
  110   123    5.053
  111   188    9.966
  112   119    8.464
  112   121    5.484
  113   122   10.713
  113   188   10.198
  114   119    5.506
  115   120    8.033
  115   122   13.383
  130   136    8.863
  130   137    8.136
  135   140    5.966
  135   141    7.787
  135   171    8.964
  135   177    8.952
  136   177   10.830
  140   171    6.895
  140   172    6.833
  141   169    8.157
  141   171    5.360
  141   177    9.790
  142   170    6.870
  142   172    6.323
  143   207    8.337
  143   209   11.811
  143   218   11.431
  144   170    9.129
  145   148   11.332
  145   167   10.874
  145   169    8.112
  145   205    7.040
  145   207    8.177
  146   168    8.373
  146   170   10.095
  147   204    5.532
  148   167    8.148
  148   168    9.905
  149   200    7.439
  149   202    5.628
  150   163    8.248
  150   165    6.292
  150   201    5.990
  150   203    8.887
  151   200    5.208
  152   161    8.019
  152   163    5.642
  152   196    9.415
  152   199    6.677
  152   201    9.456
  153   162    6.602
  153   164   10.714
  153   198    5.616
  154   195    6.434
  154   196    6.475
  155   158    6.732
  155   162    7.362
  156   195    8.668
  158   184   11.192
  158   186    8.195
  159   187    8.972
  159   193    8.953
  159   195    8.565
  161   185    6.543
  161   196    9.330
  163   183    5.810
  163   185    9.698
  164   182    6.077
  165   181    6.491
  165   183   10.523
  166   178    7.876
  166   180    5.337
  167   179    5.953
  167   181    9.100
  168   176    7.244
  168   178    5.988
  169   177    6.162
  169   179    9.108
  170   176    5.703
  171   175    6.338
  171   177    7.870
  187   193    8.906
  196   199    9.363
  197   229    9.498
  199   226    8.707
  199   229    7.194
  200   227    6.558
  201   224    7.636
  201   226    5.161
  203   222    8.565
  203   224    5.484
  205   220    8.233
  205   222    5.183
  207   218    8.043
  207   220    5.858
  208   219    6.145
  209   216   11.081
  209   217    8.451
  210   213    6.651
  210   217    9.725
  210   219    8.304
  213   217    9.190
