    1     5     7.954587     0.287991
    2     5     6.291074     0.282269
    2     6     8.114332     1.211341
    2   194     9.428477     0.747632
    3     6     6.373816     0.343300
    4     7     5.651388     1.211341
    5     8     5.505925     1.211341
    5    79     8.889970     0.343300
    5    85     5.706407     0.343300
    6     9     5.565534     1.211341
    7    37     9.900192     0.302835
    7    88     7.885914     1.222530
    7    89     7.851485     0.801034
    7   114     9.353143     1.388459
    8    36     7.318188     0.302835
    8    37     6.174584     0.917375
    8    38     7.654054     0.302835
    8    70     8.549352     1.106190
    8    71     7.675913     1.384644
    8    85     7.897098     0.640827
    8    88     9.707466     1.251139
    8   114    11.051020     1.384644
    8   119     9.994792     1.388459
    9    37     7.081040     0.302835
   10    37     7.792582     1.211341
   11    34     6.354951     0.509229
   11    35     5.628794     0.302835
   11    36     4.843671     0.472991
   12    34     5.412178     0.302835
   12    35     5.225753     1.211341
   12    36     6.555259     0.302835
   12    71     9.047252     1.199644
   12   114    10.040162     1.199644
   12   119     6.951208     1.235881
   13    33     5.956027     0.302835
   13    35     6.587261     0.302835
   13   118     4.805925     0.362373
   13   119     6.166715     1.211341
   14    32     5.426918     0.302835
   14    33     5.155704     1.211341
   14    34     5.276388     0.302835
   14    42     9.160837     1.342686
   14    44     7.966695     1.342686
   14    71    10.363767     1.304541
   15    31     5.928481     0.302835
   15    33     6.952505     0.302835
   15   118     6.901508     0.827735
   15   119     6.239413     1.211341
   15   120     4.476013     1.235881
   15   121     6.161479     1.211341
   16    30     5.594982     0.302835
   16    31     4.723787     1.211341
   16    32     6.072189     0.302835
   16    44     8.908226     1.235881
   16    46     8.084603     1.199644
   16    64     6.792961     1.199644
   16   121     4.754088     0.539744
   16   123     7.873042     1.153870
   17    29     6.000115     0.302835
   17    30     4.639131     0.282269
   17    31     6.423988     0.302835
   17   121     6.335378     1.211341
   17   122     4.849260     0.432940
   18    27     8.321459     1.388459
   18    28     5.533611     0.302835
   18    29     5.282723     1.235881
   18    30     6.418382     0.302835
   18    63     8.876495     0.827735
   18    64     7.887024     1.388459
   18   123     4.660967     1.342686
   18   125     7.349275     1.405624
   19    27     6.175096     0.302835
   19    28     4.597620     0.310877
   19    29     6.792603     0.302835
   19   123     6.419703     1.211341
   20    26     5.647931     0.302835
   20    27     5.494753     1.211341
   20    28     6.139655     0.302835
   21    25     5.209097     0.605671
   21    26     4.257849     0.320414
   21    27     6.443899     0.302835
   21   125     6.363278     1.211341
   21   126     5.025995     0.320414
   21   127     6.190586     1.211341
   22    25     5.100534     1.211341
   22    26     6.537463     0.605671
   22    27     8.567944     1.199644
   22    55     8.061832     1.052788
   22   106     7.959323     0.881137
   22   125     7.909697     1.235881
   22   130     7.918704     1.199644
   22   137     9.301851     1.235881
   23   127     6.029105     1.211341
   23   130     6.688142     0.715209
   23   132     9.399692     0.287991
   25    54     7.022344     0.429125
   25   132    11.842195     0.410053
   27    49     7.533163     0.302835
   27    50     5.550809     1.119127
   27    53     6.821918     1.388459
   27    54     7.485563     0.810570
   27    55     9.580200     1.199644
   27    60    12.291104     1.388459
   27   125     9.938006     1.388459
   28    48     5.892336     0.302835
   28    49     5.689277     0.676651
   28    50     5.808598     0.676651
   28    51     8.713189     0.302835
   29    46     6.486497     1.199644
   29    47     5.461659     0.302835
   29    49     5.407827     0.302835
   29    50     7.445796     0.302835
   29    53     8.388515     1.235881
   29    57    10.701525     0.987942
   29    64     9.576641     1.199644
   30    46     5.644559     0.302835
   30    47     5.544515     1.211341
   30    48     6.654247     0.302835
   30    49     6.849991     0.373816
   31    45     5.314512     0.302835
   31    47     6.170048     0.302835
   32    44     5.598440     0.302835
   32    45     5.650362     1.211341
   32    46     6.761666     0.302835
   33    43     5.410937     0.302835
   33    45     6.231901     0.302835
   34    42     5.886823     0.302835
   34    43     5.577183     1.211341
   34    44     6.647027     0.302835
   35    41     5.844447     0.605671
   35    43     6.547851     0.302835
   36    39     5.669173     0.526394
   36    40     5.805426     0.605671
   36    41     5.138884     0.320414
   36    42     6.304846     0.605671
   37    41     6.126272     0.605671
   37    71     4.349555     0.917375
   37    85     9.796547     0.249846
   39   223     7.921500     1.079489
   41    71     6.760199     1.211341
   41   221     7.525628     0.642734
   41   222     5.733161     0.605671
   41   223     4.568079     0.640827
   42    65     8.624144     0.747632
   42    68     8.909806     1.235881
   42    71     7.227167     1.388459
   42   221     5.780059     0.605671
   42   222     5.211971     0.684693
   42   223     6.572560     0.605671
   43   220     5.870298     0.605671
   43   221     4.774104     0.827735
   43   222     6.691180     0.605671
   44    65     8.706398     0.747632
   44   219     5.799843     0.605671
   44   220     5.168775     1.405624
   44   221     6.627005     0.605671
   45   210     8.868694     0.320414
   45   213    10.649250     0.343300
   45   217     7.162425     0.257475
   45   218     5.754899     0.605671
   45   219     4.423315     0.474899
   45   220     6.280468     0.605671
   46    57     9.486673     1.174850
   46    64     8.795460     1.384644
   46   217     5.347828     0.605671
   46   218     5.210315     1.251139
   46   219     6.450186     0.605671
   46   220     8.186657     1.388459
   47   213     9.464856     0.623662
   47   215     6.573242     0.692322
   47   216     6.002115     0.302835
   47   217     4.497757     0.789591
   47   218     6.892889     0.605671
   48    51     5.970334     1.211341
   48    53     6.025066     1.111911
   48    57     9.941761     0.944076
   48   215     7.177331     0.302835
   48   216     5.769328     0.459641
   48   217     6.244005     0.302835
   49   216     8.417587     0.302835
   52   216     5.723965     0.320414
   53    57     7.434157     1.171035
   53    60    10.459925     1.405624
   53   216     6.961027     0.648456
   55    59     7.333030     1.265570
   55    60     8.510646     1.235881
   55   106    11.494587     0.881137
   55   136     6.307240     1.153870
   56    59     5.804533     0.362373
   56    60     7.724862     1.817012
   56   136     6.486811     0.717116
   56   139     5.726560     0.429125
   56   141     6.794786     0.801034
   57    60     5.791676     1.211341
   57    64    10.377379     1.174850
   57   143     7.394263     0.888766
   57   209    11.168242     0.513043
   57   216     9.474695     0.541652
   57   218     6.906549     1.058509
   58    61     5.493840     1.211341
   58    62     8.513787     1.211341
   58   141     7.541744     0.801034
   58   143     6.427500     0.608404
   58   169     7.686330     0.429125
   58   207     8.179997     0.801034
   59    64     9.867883     0.302835
   59   100     9.391219     0.816292
   59   106     9.477364     0.574074
   59   136     7.891266     0.768611
   59   141     8.660005     0.827735
   60    63     5.155569     0.302835
   60    64     6.226312     1.388459
   60    65     8.459036     0.302835
   60   106     9.490486     1.081396
   60   125     9.693537     1.405624
   61    64     5.340123     0.302835
   61    65     5.879853     1.211341
   61    66     6.654151     0.881137
   61   145     8.934677     0.881137
   61   207     9.241082     1.235881
   61   218     9.373571     1.014643
   61   220     8.045320     1.235881
   61   222    10.033986     0.509229
   62    66     3.806563     0.574074
   62    67     5.640524     1.211341
   62    96     9.963350     0.362373
   62    98     9.690300     0.768611
   62   145    10.711702     0.574074
   62   165    10.599320     0.816292
   62   167     8.894648     0.768611
   62   181     9.099402     0.461548
   63    98     9.585427     0.768611
   63   108     7.608082     0.404331
   63   123     7.831447     0.768611
   63   125     8.652980     0.827735
   64   123     7.994435     1.304541
   64   218    10.881567     1.251139
   65    68     4.888483     0.581703
   65   220     8.878624     0.747632
   65   222     8.585830     0.282269
   66    69     6.041875     0.566445
   66    96    10.808989     0.602683
   66   145    12.395831     0.795312
   66   148    10.530109     0.671343
   66   150     9.088317     0.881137
   66   165    10.697152     1.079489
   66   167    10.789240     1.001292
   66   203     8.632986     0.574074
   66   205     9.854141     0.530208
   66   222     9.277903     0.532115
   67    71     9.732362     0.605671
   68    71     6.305347     1.199644
   68    72     8.359285     0.605671
   68   112     7.176639     1.052788
   68   119     8.634868     1.235881
   68   121     7.156583     0.539744
   69    72     5.422106     0.284176
   69    84     6.712472     0.781962
   69    94    10.311474     0.293712
   69    96    13.925134     0.343300
   69   150    10.253300     0.585518
   69   183    12.248630     0.293712
   69   201     8.838579     0.770518
   70    84     4.734121     1.106190
   70    88     8.877885     0.951705
   70    92    10.078224     0.793405
   70   112     9.060317     0.945983
   70   119     9.573430     1.111911
   71   119    10.051871     1.388459
   72   201     7.595517     0.747632
   72   224     4.936989     0.581703
   73   224     6.246897     1.211341
   73   225     4.734046     0.362373
   73   226     6.173326     1.211341
   74    78     6.072091     1.542118
   74    79     5.592571     0.495878
   74    81     8.252059     0.671343
   74    82     7.003242     0.526394
   74    84    10.466505     1.079489
   74    85    10.110887     0.495878
   74   152    13.171911     1.001292
   74   199    10.737079     0.671343
   74   201     8.938402     1.081396
   74   226     5.102096     0.640827
   75    78     5.577672     0.657992
   75    79     6.352153     1.211341
   75   226     6.918931     0.387166
   76    79     5.358965     0.320414
   76    80     8.436723     0.605671
   77    81     9.035462     0.605671
   78    81     5.517847     0.759075
   78    82     7.364529     0.605671
   78   199     9.235297     0.759075
   78   226     7.958644     0.751446
   78   229     6.998588     1.148149
   79    82     5.460605     1.211341
   81   196     4.345724     0.429125
   81   197     6.566161     0.442476
   81   199     8.472069     0.581703
   81   229     9.396296     0.789591
   82    85     6.000700     0.320414
   82    86     6.463344     1.211341
   83    86     5.158100     0.766704
   83    87     6.462148     1.211341
   83    92     9.586567     1.079489
   83   161     7.775395     1.304541
   83   185     9.157831     0.715209
   83   187     9.064876     0.810570
   83   193     6.234080     1.199644
   83   195     5.914887     1.388459
   83   196     6.607776     0.810570
   84    92     7.772002     1.079489
   84   152    11.104280     1.304541
   84   161     9.429340     1.304541
   84   185     8.724489     0.715209
   84   201    11.893321     1.388459
   85    88     5.452823     1.211341
   86   193     5.316024     0.581703
   86   194     5.973978     0.747632
   87    90     6.270573     1.211341
   87    91     5.126485     1.211341
   87    92     6.233000     0.640827
   87   187     5.722317     0.387166
   87   193     5.693801     0.770518
   88    92     7.716231     0.936447
   88   112     8.833652     1.014643
   88   114     7.160031     1.553974
   88   119     9.585455     1.222530
   89   113     5.926413     0.302835
   89   114     5.222483     0.810570
   89   115     8.261131     0.302835
   90   114     6.644294     0.302835
   90   190     8.521490     0.194537
   91   112     5.297932     0.605671
   91   188     5.421898     1.211341
   91   189     6.728173     1.211341
   92   111     5.946288     0.605671
   92   112     5.525777     0.881137
   92   113     6.618928     0.605671
   92   185     6.290710     0.526394
   92   186     5.375481     0.605671
   93   109     7.049134     0.585518
   93   110     5.621883     0.302835
   93   111     4.613189     0.509229
   93   112     6.367961     0.605671
   93   185     5.489700     0.605671
   93   186     5.407469     0.659899
   93   187     6.293664     0.605671
   93   188     6.377471     1.153870
   94   109     5.799030     0.302835
   94   110     5.074805     0.360465
   94   111     6.237714     0.302835
   94   183     7.086634     0.293712
   94   184     5.785820     0.605671
   94   185     4.545947     0.326135
   94   186     6.885679     0.605671
   95   108     5.529554     0.605671
   95   109     4.450596     0.432940
   95   110     6.272299     0.302835
   95   183     5.648397     0.605671
   95   184     5.268617     0.270826
   95   185     6.464581     0.605671
   96   107     5.614422     0.605671
   96   108     5.236699     0.362373
   96   109     6.670547     0.605671
   96   165    11.190408     0.759075
   96   181     6.752111     0.411960
   96   183     4.429973     0.343300
   96   184     6.492354     0.605671
   97   106     5.692902     0.605671
   97   107     4.483857     0.249846
   97   108     6.558949     0.605671
   97   182     5.412536     1.211341
   98   105     5.382319     0.605671
   98   106     5.075583     1.001292
   98   107     6.398289     0.605671
   98   179     6.253852     0.873508
   98   180     5.514563     0.605671
   98   181     4.554631     0.789591
   99   105     4.569598     0.715209
   99   106     6.761599     0.605671
   99   179     5.461817     0.605671
   99   180     4.990698     0.663714
   99   181     6.517304     0.605671
   99   182     8.410103     1.079489
  100   103     5.162244     0.663714
  100   104     5.708021     1.211341
  100   106     8.281132     1.079489
  100   130     8.889499     1.384644
  100   136     8.689283     1.304541
  100   169     9.998222     0.909746
  100   177     7.123796     0.781962
  100   178     5.889952     0.302835
  100   179     4.480285     0.917375
  100   180     6.425083     0.605671
  101   177     6.689157     0.548867
  101   178     5.505546     0.642734
  101   179     6.284114     0.302835
  102   131     9.029684     0.320414
  102   178     8.827668     0.302835
  103   130     5.456380     0.663714
  103   131     6.364812     0.320414
  103   136     8.061395     0.604590
  104   128     5.452473     0.605671
  105   127     5.448695     0.605671
  105   128     5.781825     0.617941
  105   129     6.667521     0.926084
  106   125     6.525710     1.081396
  106   126     5.586438     0.605671
  106   128     6.805637     0.605671
  106   130     9.565265     1.079489
  106   136    11.490096     1.001292
  107   125     5.742078     0.605671
  107   126     5.388333     0.022887
  107   127     6.330126     0.605671
  107   128     8.763743     0.574074
  108   123     6.801660     0.768611
  108   124     5.482084     0.302835
  108   125     4.425709     0.827735
  108   126     6.494818     0.605671
  109   123     5.712518     0.302835
  109   124     5.358973     1.211341
  109   125     6.736472     0.302835
  110   121     6.551207     0.350929
  110   122     5.362751     0.302835
  110   123     4.210897     0.873508
  110   124     6.271179     0.302835
  111   121     5.719952     0.302835
  111   122     5.409775     1.211341
  111   123     6.700280     0.302835
  111   188     8.304776     0.623662
  112   119     7.053403     1.235881
  112   120     5.690481     0.302835
  112   121     4.570314     0.539744
  112   122     6.694032     0.302835
  113   119     5.744644     0.302835
  113   120     5.722199     1.211341
  113   121     6.920752     0.302835
  113   122     8.927577     0.112526
  113   188     8.498719     0.574074
  114   118     5.709750     0.605671
  114   119     4.588321     1.388459
  114   120     6.171638     0.302835
  115   118     5.751680     1.211341
  115   119     6.377368     0.605671
  115   120     6.694440     0.509229
  115   122    11.152619     0.432940
  130   136     7.386104     1.304541
  130   137     6.780070     1.388459
  131   134     4.793772     1.211341
  131   137     6.439742     1.211341
  131   138     8.024940     1.211341
  134   138     5.212107     1.211341
  134   140     8.011218     0.302835
  135   139     5.787685     1.514177
  135   140     4.971776     0.230774
  135   141     6.489396     1.016137
  135   171     7.469676     0.617941
  135   177     7.460340     0.326135
  136   140     6.597623     0.302835
  136   177     9.024798     0.699951
  139   172     9.247778     0.302835
  140   171     5.745718     0.876910
  140   172     5.694420     0.343300
  140   173     7.968176     0.302835
  141   169     6.797391     0.865880
  141   170     5.980551     0.302835
  141   171     4.467030     1.342686
  141   172     5.668577     0.302835
  141   177     8.158339     0.770518
  142   169     7.598529     0.302835
  142   170     5.724951     0.287991
  142   171     5.534936     0.302835
  142   172     5.269331     0.173557
  143   170     8.371000     0.302835
  143   207     6.947164     1.081396
  143   209     9.842642     0.495878
  143   218     9.525895     0.936447
  144   170     7.607713     0.320414
  145   148     9.443547     0.671343
  145   167     9.061722     1.001292
  145   168     8.144570     0.302835
  145   169     6.759703     0.671343
  145   205     5.866565     0.530208
  145   207     6.813922     1.081396
  146   167     8.036551     0.302835
  146   168     6.977724     0.312785
  146   169     7.435040     0.302835
  146   170     8.412124     0.320414
  147   168     8.692761     0.302835
  147   203     5.687986     0.302835
  147   204     4.609773     0.284176
  148   167     6.789781     0.789591
  148   168     8.254383     0.411960
  148   202     6.217899     0.302835
  148   203     5.379594     1.211341
  148   204     6.721716     0.302835
  149   200     6.199554     0.526394
  149   201     5.536651     0.605671
  149   202     4.689793     0.301341
  149   203     6.011275     0.302835
  150   163     6.873737     1.052788
  150   164     6.278101     0.302835
  150   165     5.243305     1.199644
  150   200     5.145030     0.605671
  150   201     4.991989     1.235881
  150   202     6.563770     0.605671
  150   203     7.405601     0.659899
  151   163     5.531396     0.302835
  151   164     5.440139     1.211341
  151   165     6.299180     0.302835
  151   199     6.140286     0.605671
  151   200     4.340142     0.795312
  151   201     6.659784     0.605671
  152   161     6.682149     1.247324
  152   162     5.998101     0.605671
  152   163     4.701825     1.153870
  152   164     6.936007     0.302835
  152   196     7.846141     0.717116
  152   198     5.605610     0.605671
  152   199     5.564040     0.789591
  152   200     5.545579     0.605671
  152   201     7.880241     1.342686
  153   161     5.572586     0.605671
  153   162     5.501438     0.472991
  153   163     6.530083     0.605671
  153   164     8.928695     0.562631
  153   196     6.428499     0.302835
  153   198     4.680217     0.562631
  153   199     7.001339     0.605671
  154   160     6.061633     0.302835
  154   162     6.214826     0.605671
  154   195     5.361982     1.239282
  154   196     5.395679     0.387166
  154   197     6.606686     0.302835
  155   158     5.609753     0.320414
  155   159     6.056733     0.302835
  155   160     5.185728     1.211341
  155   161     4.785960     0.302835
  155   162     6.135235     0.320414
  155   196     8.931756     0.302835
  156   159     5.024538     1.211341
  156   160     6.548635     0.302835
  156   195     7.223624     0.642734
  158   184     9.326294     0.246032
  158   186     6.829273     0.249846
  159   187     7.476276     0.291805
  159   193     7.460875     0.539744
  159   195     7.137882     0.713302
  160   185     5.558798     0.605671
  161   184     5.979278     0.605671
  161   185     5.452915     0.617941
  161   186     6.893899     0.605671
  161   196     7.775393     0.717116
  162   183     5.713562     0.302835
  162   185     6.589000     0.605671
  163   182     6.220673     0.302835
  163   183     4.842027     0.585518
  163   184     6.216595     0.302835
  163   185     8.081807     0.539744
  164   181     5.672890     0.605671
  164   182     5.064119     0.526394
  164   183     6.159157     0.302835
  165   180     6.294308     0.605671
  165   181     5.408995     0.909746
  165   182     7.144790     0.605671
  165   183     8.769195     0.781962
  166   178     6.563630     0.642734
  166   179     5.469607     0.605671
  166   180     4.447400     0.320414
  166   181     5.831779     0.605671
  167   178     5.826719     0.605671
  167   179     4.960602     0.873508
  167   180     6.460582     0.605671
  167   181     7.583624     0.789591
  168   176     6.036883     0.585518
  168   177     5.961613     0.605671
  168   178     4.990161     0.768611
  168   179     6.503480     0.605671
  169   176     5.526114     0.605671
  169   177     5.135085     0.377630
  169   178     6.370046     0.605671
  169   179     7.590133     0.459641
  170   175     6.266251     0.302835
  170   176     4.752899     0.539744
  170   177     6.437701     0.605671
  171   174     5.597165     1.514177
  171   175     5.281914     0.671343
  171   176     5.435561     0.302835
  171   177     6.558743     0.699951
  172   175     7.357639     0.302835
  187   193     7.421605     0.633198
  196   199     7.802586     0.429125
  197   229     7.914929     0.604590
  199   226     7.256240     0.459641
  199   227     5.964498     0.605671
  199   229     5.994905     0.789591
  200   226     5.798816     0.605671
  200   227     5.465161     0.640827
  200   228     5.908719     0.605671
  201   224     6.363742     1.235881
  201   225     5.444649     0.302835
  201   226     4.301073     0.936447
  201   227     5.971995     0.605671
  202   224     5.649963     0.302835
  202   225     5.253497     1.211341
  202   226     6.103004     0.302835
  203   222     7.137675     0.331857
  203   223     5.892559     0.302835
  203   224     4.570346     0.659899
  203   225     6.693485     0.302835
  204   222     5.518471     0.302835
  204   223     5.293373     1.211341
  204   224     6.521295     0.302835
  205   220     6.860925     0.747632
  205   221     5.626179     0.302835
  205   222     4.319034     0.282269
  205   223     6.616669     0.302835
  206   220     5.938948     0.302835
  206   221     5.298358     1.211341
  206   222     6.482674     0.302835
  207   218     6.702111     1.222530
  207   219     5.694096     0.605671
  207   220     4.881505     1.405624
  207   221     6.617632     0.302835
  208   218     6.298550     0.605671
  208   219     5.121095     0.581703
  208   220     6.658943     0.605671
  209   213     7.789453     0.605671
  209   216     9.234311     0.320414
  209   217     7.042121     0.257475
  209   219     5.743553     0.605671
  210   213     5.542553     0.194537
  210   214     8.780691     0.605671
  210   217     8.104533     0.442476
  210   219     6.919932     0.472991
  213   217     7.658033     0.410053
